0.04032258064516129 0.08064516129032258 0.3467741935483871 0.04838709677419355 0.04032258064516129 0.04032258064516129 0.22580645161290322 0.06451612903225806 0.06451612903225806 0.04838709677419355 
0.08602150537634409 0.0967741935483871 0.06451612903225806 0.15053763440860216 0.053763440860215055 0.053763440860215055 0.25806451612903225 0.07526881720430108 0.08602150537634409 0.07526881720430108 
0.0390625 0.0625 0.0390625 0.046875 0.3984375 0.0625 0.1484375 0.0625 0.0625 0.078125 
0.36403508771929827 0.10964912280701754 0.03508771929824561 0.06140350877192982 0.07456140350877193 0.03508771929824561 0.10087719298245613 0.05263157894736842 0.043859649122807015 0.12280701754385964 
0.06336633663366337 0.5247524752475248 0.04356435643564356 0.019801980198019802 0.07128712871287128 0.053465346534653464 0.027722772277227723 0.06930693069306931 0.04950495049504951 0.07722772277227723 
0.019498607242339833 0.03064066852367688 0.1894150417827298 0.04456824512534819 0.027855153203342618 0.027855153203342618 0.05013927576601671 0.5153203342618384 0.06406685236768803 0.03064066852367688 
0.6954887218045113 0.03383458646616541 0.05451127819548872 0.022556390977443608 0.02819548872180451 0.022556390977443608 0.03195488721804511 0.03007518796992481 0.05827067669172932 0.022556390977443608 
0.048 0.16 0.064 0.144 0.104 0.048 0.184 0.096 0.064 0.088 
0.47653429602888087 0.05776173285198556 0.018050541516245487 0.05054151624548736 0.036101083032490974 0.036101083032490974 0.07581227436823104 0.07581227436823104 0.10830324909747292 0.06498194945848375 
0.07692307692307693 0.07692307692307693 0.0641025641025641 0.0641025641025641 0.15384615384615385 0.10256410256410256 0.23076923076923078 0.0641025641025641 0.0641025641025641 0.10256410256410256 
0.05217391304347826 0.12173913043478261 0.05217391304347826 0.06956521739130435 0.12173913043478261 0.0782608695652174 0.22608695652173913 0.06956521739130435 0.043478260869565216 0.16521739130434782 
0.29012345679012347 0.04938271604938271 0.037037037037037035 0.08641975308641975 0.10493827160493827 0.12345679012345678 0.09259259259259259 0.043209876543209874 0.07407407407407407 0.09876543209876543 
0.048327137546468404 0.04460966542750929 0.08178438661710037 0.02973977695167286 0.055762081784386616 0.03717472118959108 0.10408921933085502 0.026022304832713755 0.5315985130111525 0.040892193308550186 
0.02197802197802198 0.7048665620094191 0.03924646781789639 0.07378335949764521 0.01726844583987441 0.0141287284144427 0.06279434850863422 0.029827315541601257 0.018838304552590265 0.01726844583987441 
0.04 0.056 0.048 0.216 0.064 0.056 0.32 0.08 0.064 0.056 
0.03389830508474576 0.062146892655367235 0.0847457627118644 0.03954802259887006 0.20903954802259886 0.05649717514124294 0.192090395480226 0.05084745762711865 0.0903954802259887 0.1807909604519774 
0.08333333333333333 0.045454545454545456 0.07575757575757576 0.03787878787878788 0.06818181818181818 0.05303030303030303 0.4621212121212121 0.045454545454545456 0.07575757575757576 0.05303030303030303 
0.0255863539445629 0.04051172707889126 0.6631130063965884 0.023454157782515993 0.057569296375266525 0.023454157782515993 0.04904051172707889 0.053304904051172705 0.03411513859275053 0.029850746268656716 
0.044642857142857144 0.07142857142857142 0.05357142857142857 0.05357142857142857 0.3482142857142857 0.05357142857142857 0.16964285714285715 0.08035714285714286 0.05357142857142857 0.07142857142857142 
0.02130492676431425 0.02796271637816245 0.023968042609853527 0.009320905459387484 0.06790945406125166 0.022636484687083888 0.03195739014647137 0.05992010652463382 0.011984021304926764 0.7230359520639148 
0.06923076923076923 0.06923076923076923 0.046153846153846156 0.05384615384615385 0.06153846153846154 0.038461538461538464 0.16923076923076924 0.046153846153846156 0.08461538461538462 0.36153846153846153 
0.05574912891986063 0.08013937282229965 0.024390243902439025 0.0313588850174216 0.04529616724738676 0.08362369337979095 0.05574912891986063 0.5296167247386759 0.05226480836236934 0.041811846689895474 
0.023872679045092837 0.021220159151193633 0.058355437665782495 0.023872679045092837 0.6047745358090185 0.029177718832891247 0.01856763925729443 0.021220159151193633 0.16180371352785147 0.03713527851458886 
0.3391304347826087 0.043478260869565216 0.07536231884057971 0.034782608695652174 0.05217391304347826 0.05507246376811594 0.09565217391304348 0.12753623188405797 0.1246376811594203 0.05217391304347826 
0.25882352941176473 0.06470588235294118 0.06470588235294118 0.052941176470588235 0.09411764705882353 0.06470588235294118 0.11764705882352941 0.058823529411764705 0.08235294117647059 0.1411764705882353 
0.008501594048884165 0.007438894792773645 0.008501594048884165 0.9171094580233794 0.006376195536663124 0.007438894792773645 0.018065887353878853 0.006376195536663124 0.010626992561105207 0.009564293304994687 
0.08641975308641975 0.09876543209876543 0.1111111111111111 0.06172839506172839 0.1111111111111111 0.08641975308641975 0.2222222222222222 0.08641975308641975 0.07407407407407407 0.06172839506172839 
0.3884297520661157 0.1487603305785124 0.027548209366391185 0.05509641873278237 0.049586776859504134 0.05234159779614325 0.07162534435261708 0.11019283746556474 0.05234159779614325 0.0440771349862259 
0.03529411764705882 0.052941176470588235 0.08235294117647059 0.06470588235294118 0.03529411764705882 0.32941176470588235 0.2529411764705882 0.029411764705882353 0.047058823529411764 0.07058823529411765 
0.04918032786885246 0.04918032786885246 0.06557377049180328 0.040983606557377046 0.07377049180327869 0.04918032786885246 0.22131147540983606 0.11475409836065574 0.28688524590163933 0.04918032786885246 
0.08450704225352113 0.1267605633802817 0.07042253521126761 0.07042253521126761 0.08450704225352113 0.09859154929577464 0.2112676056338028 0.08450704225352113 0.08450704225352113 0.08450704225352113 
0.04516129032258064 0.054838709677419356 0.05161290322580645 0.01935483870967742 0.041935483870967745 0.03870967741935484 0.08064516129032258 0.07419354838709677 0.5290322580645161 0.06451612903225806 
0.05154639175257732 0.07216494845360824 0.05154639175257732 0.09278350515463918 0.13402061855670103 0.061855670103092786 0.21649484536082475 0.08247422680412371 0.07216494845360824 0.16494845360824742 
0.06796116504854369 0.2621359223300971 0.05825242718446602 0.0970873786407767 0.07766990291262135 0.08737864077669903 0.1262135922330097 0.05825242718446602 0.11650485436893204 0.04854368932038835 
0.144 0.056 0.056 0.064 0.064 0.064 0.304 0.072 0.104 0.072 
0.02997275204359673 0.08991825613079019 0.05449591280653951 0.5967302452316077 0.02452316076294278 0.035422343324250684 0.07084468664850137 0.03814713896457766 0.027247956403269755 0.0326975476839237 
0.04195804195804196 0.04895104895104895 0.04195804195804196 0.06993006993006994 0.3146853146853147 0.055944055944055944 0.2517482517482518 0.06293706293706294 0.055944055944055944 0.055944055944055944 
0.4084507042253521 0.08450704225352113 0.051643192488262914 0.06103286384976526 0.056338028169014086 0.046948356807511735 0.13615023474178403 0.06572769953051644 0.03286384976525822 0.056338028169014086 
0.045454545454545456 0.06363636363636363 0.05454545454545454 0.06363636363636363 0.2818181818181818 0.07272727272727272 0.18181818181818182 0.06363636363636363 0.07272727272727272 0.1 
0.09722222222222222 0.13194444444444445 0.0763888888888889 0.0625 0.2152777777777778 0.0763888888888889 0.11805555555555555 0.05555555555555555 0.11805555555555555 0.04861111111111111 
0.0859375 0.0546875 0.0546875 0.046875 0.203125 0.0625 0.2109375 0.0625 0.1484375 0.0703125 
0.016483516483516484 0.04120879120879121 0.5934065934065934 0.024725274725274724 0.027472527472527472 0.02197802197802198 0.06593406593406594 0.04120879120879121 0.13186813186813187 0.03571428571428571 
0.0390625 0.0625 0.0546875 0.0625 0.15625 0.0625 0.28125 0.109375 0.09375 0.078125 
0.07462686567164178 0.10945273631840796 0.029850746268656716 0.1318407960199005 0.02736318407960199 0.05223880597014925 0.05970149253731343 0.4129353233830846 0.05223880597014925 0.04975124378109453 
0.017543859649122806 0.01364522417153996 0.03313840155945419 0.01949317738791423 0.023391812865497075 0.7816764132553606 0.037037037037037035 0.025341130604288498 0.025341130604288498 0.023391812865497075 
0.09090909090909091 0.045454545454545456 0.18181818181818182 0.1038961038961039 0.1038961038961039 0.07792207792207792 0.13636363636363635 0.11038961038961038 0.07142857142857142 0.07792207792207792 
0.09090909090909091 0.03557312252964427 0.18972332015810275 0.023715415019762844 0.04743083003952569 0.08300395256916997 0.1067193675889328 0.06324110671936758 0.10276679841897234 0.25691699604743085 
0.020348837209302327 0.03488372093023256 0.03197674418604651 0.02616279069767442 0.061046511627906974 0.01744186046511628 0.08139534883720931 0.622093023255814 0.06976744186046512 0.03488372093023256 
0.49141630901287553 0.023605150214592276 0.03862660944206009 0.019313304721030045 0.023605150214592276 0.032188841201716736 0.03862660944206009 0.19313304721030042 0.07081545064377683 0.06866952789699571 
0.10062893081761007 0.0880503144654088 0.1069182389937107 0.0440251572327044 0.25157232704402516 0.0440251572327044 0.13836477987421383 0.05660377358490566 0.11949685534591195 0.050314465408805034 
0.05511811023622047 0.08661417322834646 0.047244094488188976 0.10236220472440945 0.03937007874015748 0.06299212598425197 0.3700787401574803 0.07086614173228346 0.08661417322834646 0.07874015748031496 
0.04093567251461988 0.2222222222222222 0.06432748538011696 0.029239766081871343 0.09941520467836257 0.1695906432748538 0.18128654970760233 0.06432748538011696 0.06432748538011696 0.06432748538011696 
0.07272727272727272 0.02727272727272727 0.04090909090909091 0.045454545454545456 0.025 0.5545454545454546 0.05227272727272727 0.08181818181818182 0.03409090909090909 0.0659090909090909 
0.06060606060606061 0.03896103896103896 0.12987012987012986 0.03463203463203463 0.22943722943722944 0.06493506493506493 0.1038961038961039 0.09090909090909091 0.13852813852813853 0.10822510822510822 
0.11724137931034483 0.06206896551724138 0.07586206896551724 0.08275862068965517 0.15862068965517243 0.05517241379310345 0.21379310344827587 0.034482758620689655 0.08275862068965517 0.11724137931034483 
0.06451612903225806 0.06451612903225806 0.23870967741935484 0.04516129032258064 0.07096774193548387 0.1032258064516129 0.17419354838709677 0.07741935483870968 0.0967741935483871 0.06451612903225806 
0.048458149779735685 0.13656387665198239 0.05286343612334802 0.048458149779735685 0.09251101321585903 0.16299559471365638 0.21145374449339208 0.030837004405286344 0.15418502202643172 0.06167400881057269 
0.035398230088495575 0.06637168141592921 0.03982300884955752 0.5575221238938053 0.035398230088495575 0.09734513274336283 0.07964601769911504 0.030973451327433628 0.02654867256637168 0.030973451327433628 
0.08823529411764706 0.09803921568627451 0.12745098039215685 0.049019607843137254 0.09803921568627451 0.14705882352941177 0.19607843137254902 0.049019607843137254 0.08823529411764706 0.058823529411764705 
0.1164021164021164 0.037037037037037035 0.047619047619047616 0.031746031746031744 0.0582010582010582 0.037037037037037035 0.1164021164021164 0.41798941798941797 0.0582010582010582 0.07936507936507936 
0.0273972602739726 0.10616438356164383 0.02054794520547945 0.678082191780822 0.03424657534246575 0.02054794520547945 0.025684931506849314 0.02054794520547945 0.023972602739726026 0.04280821917808219 
0.017948717948717947 0.046153846153846156 0.04358974358974359 0.017948717948717947 0.6923076923076923 0.020512820512820513 0.035897435897435895 0.035897435897435895 0.03076923076923077 0.05897435897435897 
0.02433862433862434 0.06666666666666667 0.1343915343915344 0.02328042328042328 0.19365079365079366 0.33756613756613757 0.021164021164021163 0.033862433862433865 0.10476190476190476 0.06031746031746032 
0.5062034739454094 0.04962779156327544 0.08188585607940446 0.022332506203473945 0.03970223325062035 0.0794044665012407 0.03722084367245657 0.08188585607940446 0.07196029776674938 0.02977667493796526 
0.06976744186046512 0.05426356589147287 0.03875968992248062 0.05426356589147287 0.10077519379844961 0.06976744186046512 0.32558139534883723 0.08527131782945736 0.13178294573643412 0.06976744186046512 
0.03636363636363636 0.04090909090909091 0.04090909090909091 0.031818181818181815 0.06363636363636363 0.02727272727272727 0.08636363636363636 0.04090909090909091 0.09090909090909091 0.5409090909090909 
0.023350253807106598 0.03451776649746193 0.6121827411167513 0.024365482233502538 0.05482233502538071 0.026395939086294416 0.015228426395939087 0.07208121827411168 0.09847715736040609 0.03857868020304569 
0.13761467889908258 0.09174311926605505 0.045871559633027525 0.045871559633027525 0.08256880733944955 0.13761467889908258 0.2018348623853211 0.09174311926605505 0.05504587155963303 0.11009174311926606 
0.014729950900163666 0.0425531914893617 0.029459901800327332 0.6546644844517185 0.03273322422258593 0.03927986906710311 0.060556464811783964 0.057283142389525366 0.05237315875613748 0.016366612111292964 
0.05301204819277108 0.03855421686746988 0.4891566265060241 0.021686746987951807 0.05542168674698795 0.11325301204819277 0.04819277108433735 0.08674698795180723 0.04819277108433735 0.04578313253012048 
0.08490566037735849 0.04245283018867924 0.03773584905660377 0.4386792452830189 0.04716981132075472 0.04716981132075472 0.1320754716981132 0.04245283018867924 0.04716981132075472 0.08018867924528301 
0.23030303030303031 0.11515151515151516 0.05454545454545454 0.10303030303030303 0.030303030303030304 0.07878787878787878 0.16363636363636364 0.07272727272727272 0.09090909090909091 0.06060606060606061 
0.03067484662576687 0.18711656441717792 0.03680981595092025 0.03067484662576687 0.5 0.06748466257668712 0.024539877300613498 0.05521472392638037 0.018404907975460124 0.049079754601226995 
0.015364916773367477 0.06145966709346991 0.023047375160051217 0.019206145966709345 0.03201024327784891 0.028169014084507043 0.02176696542893726 0.026888604353393086 0.7554417413572343 0.016645326504481434 
0.06666666666666667 0.11282051282051282 0.035897435897435895 0.03076923076923077 0.16923076923076924 0.09743589743589744 0.24102564102564103 0.035897435897435895 0.046153846153846156 0.1641025641025641 
0.044444444444444446 0.20987654320987653 0.06419753086419754 0.027160493827160494 0.08148148148148149 0.04938271604938271 0.1037037037037037 0.34814814814814815 0.0345679012345679 0.037037037037037035 
0.06648936170212766 0.02925531914893617 0.031914893617021274 0.0398936170212766 0.023936170212765957 0.19946808510638298 0.05319148936170213 0.05053191489361702 0.04521276595744681 0.4601063829787234 
0.10309278350515463 0.08247422680412371 0.07216494845360824 0.13402061855670103 0.07216494845360824 0.10309278350515463 0.18556701030927836 0.061855670103092786 0.10309278350515463 0.08247422680412371 
0.0989010989010989 0.0989010989010989 0.054945054945054944 0.054945054945054944 0.06593406593406594 0.12087912087912088 0.23076923076923078 0.14285714285714285 0.06593406593406594 0.06593406593406594 
0.06818181818181818 0.1903409090909091 0.07954545454545454 0.02556818181818182 0.04261363636363636 0.23011363636363635 0.11363636363636363 0.05397727272727273 0.1278409090909091 0.06818181818181818 
0.024955436720142603 0.023172905525846704 0.0374331550802139 0.016042780748663103 0.05169340463458111 0.0338680926916221 0.058823529411764705 0.08021390374331551 0.5953654188948306 0.0784313725490196 
0.07906976744186046 0.07441860465116279 0.10697674418604651 0.037209302325581395 0.11627906976744186 0.28837209302325584 0.08372093023255814 0.03255813953488372 0.08372093023255814 0.09767441860465116 
0.07017543859649122 0.17105263157894737 0.03508771929824561 0.17982456140350878 0.04824561403508772 0.21929824561403508 0.12719298245614036 0.039473684210526314 0.07456140350877193 0.03508771929824561 
0.052980132450331126 0.10596026490066225 0.039735099337748346 0.2119205298013245 0.046357615894039736 0.06622516556291391 0.32450331125827814 0.039735099337748346 0.052980132450331126 0.059602649006622516 
0.04716981132075472 0.06132075471698113 0.04716981132075472 0.0330188679245283 0.32547169811320753 0.04245283018867924 0.12264150943396226 0.0330188679245283 0.09433962264150944 0.19339622641509435 
0.03825136612021858 0.17486338797814208 0.07103825136612021 0.03825136612021858 0.03278688524590164 0.08196721311475409 0.3224043715846995 0.14207650273224043 0.04918032786885246 0.04918032786885246 
0.03773584905660377 0.07547169811320754 0.03773584905660377 0.4811320754716981 0.0330188679245283 0.04716981132075472 0.14150943396226415 0.04245283018867924 0.04716981132075472 0.05660377358490566 
0.049019607843137254 0.058823529411764705 0.12745098039215685 0.08823529411764706 0.14705882352941177 0.06862745098039216 0.18627450980392157 0.0784313725490196 0.06862745098039216 0.12745098039215685 
0.01107011070110701 0.05719557195571956 0.025830258302583026 0.5885608856088561 0.02952029520295203 0.05350553505535055 0.07749077490774908 0.07380073800738007 0.04981549815498155 0.033210332103321034 
0.02452316076294278 0.02452316076294278 0.051771117166212535 0.01907356948228883 0.08991825613079019 0.5367847411444142 0.04904632152588556 0.03814713896457766 0.08174386920980926 0.08446866485013624 
0.06086956521739131 0.05217391304347826 0.06086956521739131 0.043478260869565216 0.3130434782608696 0.08695652173913043 0.1565217391304348 0.0782608695652174 0.05217391304347826 0.09565217391304348 
0.514018691588785 0.02336448598130841 0.028037383177570093 0.07476635514018691 0.03271028037383177 0.056074766355140186 0.102803738317757 0.08411214953271028 0.04672897196261682 0.037383177570093455 
0.11602209944751381 0.08287292817679558 0.3867403314917127 0.03867403314917127 0.03867403314917127 0.08287292817679558 0.09392265193370165 0.09392265193370165 0.03867403314917127 0.027624309392265192 
0.024390243902439025 0.02710027100271003 0.6720867208672087 0.032520325203252036 0.02710027100271003 0.018970189701897018 0.06504065040650407 0.07317073170731707 0.02981029810298103 0.02981029810298103 
0.042682926829268296 0.036585365853658534 0.07926829268292683 0.06097560975609756 0.4634146341463415 0.042682926829268296 0.12195121951219512 0.042682926829268296 0.04878048780487805 0.06097560975609756 
0.03333333333333333 0.05333333333333334 0.03333333333333333 0.2 0.05333333333333334 0.04 0.38666666666666666 0.04666666666666667 0.06666666666666667 0.08666666666666667 
0.043859649122807015 0.043859649122807015 0.043859649122807015 0.043859649122807015 0.09649122807017543 0.20175438596491227 0.23684210526315788 0.12280701754385964 0.07894736842105263 0.08771929824561403 
0.033003300330033 0.0594059405940594 0.20132013201320131 0.026402640264026403 0.0429042904290429 0.0429042904290429 0.38283828382838286 0.11551155115511551 0.0594059405940594 0.036303630363036306 
0.10479041916167664 0.0748502994011976 0.08383233532934131 0.04491017964071856 0.059880239520958084 0.26646706586826346 0.12874251497005987 0.11676646706586827 0.05389221556886228 0.0658682634730539 
0.1267605633802817 0.08450704225352113 0.07042253521126761 0.07042253521126761 0.09859154929577464 0.09859154929577464 0.16901408450704225 0.08450704225352113 0.07042253521126761 0.1267605633802817 
