0.056451612903225805 0.06451612903225806 0.3387096774193548 0.056451612903225805 0.04838709677419355 0.04838709677419355 0.21774193548387097 0.06451612903225806 0.06451612903225806 0.04032258064516129 
0.08602150537634409 0.06451612903225806 0.08602150537634409 0.11827956989247312 0.08602150537634409 0.06451612903225806 0.22580645161290322 0.11827956989247312 0.08602150537634409 0.06451612903225806 
0.0703125 0.046875 0.046875 0.0390625 0.359375 0.078125 0.171875 0.046875 0.0625 0.078125 
0.32456140350877194 0.10526315789473684 0.07894736842105263 0.043859649122807015 0.05701754385964912 0.043859649122807015 0.14035087719298245 0.05263157894736842 0.07456140350877193 0.07894736842105263 
0.04554455445544554 0.601980198019802 0.047524752475247525 0.019801980198019802 0.0594059405940594 0.03564356435643564 0.03564356435643564 0.06732673267326733 0.03762376237623762 0.04950495049504951 
0.016713091922005572 0.027855153203342618 0.27019498607242337 0.03899721448467967 0.027855153203342618 0.03064066852367688 0.036211699164345405 0.4818941504178273 0.04456824512534819 0.025069637883008356 
0.6879699248120301 0.05263157894736842 0.046992481203007516 0.016917293233082706 0.02443609022556391 0.015037593984962405 0.02443609022556391 0.046992481203007516 0.06954887218045112 0.015037593984962405 
0.08 0.064 0.072 0.128 0.104 0.04 0.2 0.152 0.096 0.064 
0.1263537906137184 0.4259927797833935 0.04332129963898917 0.06498194945848375 0.05776173285198556 0.032490974729241874 0.07942238267148015 0.05776173285198556 0.05776173285198556 0.05415162454873646 
0.08974358974358974 0.07692307692307693 0.08974358974358974 0.0641025641025641 0.10256410256410256 0.08974358974358974 0.1794871794871795 0.07692307692307693 0.07692307692307693 0.15384615384615385 
0.05217391304347826 0.0782608695652174 0.06086956521739131 0.06086956521739131 0.09565217391304348 0.06086956521739131 0.3217391304347826 0.11304347826086956 0.06956521739130435 0.08695652173913043 
0.2962962962962963 0.08024691358024691 0.06790123456790123 0.04938271604938271 0.09259259259259259 0.12345679012345678 0.06790123456790123 0.043209876543209874 0.04938271604938271 0.12962962962962962 
0.02973977695167286 0.07434944237918216 0.048327137546468404 0.03717472118959108 0.04460966542750929 0.048327137546468404 0.11152416356877323 0.022304832713754646 0.5353159851301115 0.048327137546468404 
0.02040816326530612 0.640502354788069 0.023547880690737835 0.09105180533751962 0.02040816326530612 0.03296703296703297 0.04395604395604396 0.06750392464678179 0.01726844583987441 0.0423861852433281 
0.08 0.056 0.04 0.12 0.064 0.088 0.328 0.072 0.064 0.088 
0.03954802259887006 0.03389830508474576 0.096045197740113 0.03389830508474576 0.23728813559322035 0.07909604519774012 0.15819209039548024 0.03389830508474576 0.03954802259887006 0.24858757062146894 
0.06060606060606061 0.03787878787878788 0.07575757575757576 0.03787878787878788 0.09090909090909091 0.09090909090909091 0.3787878787878788 0.05303030303030303 0.10606060606060606 0.06818181818181818 
0.03411513859275053 0.02771855010660981 0.6716417910447762 0.019189765458422176 0.042643923240938165 0.03411513859275053 0.04477611940298507 0.04904051172707889 0.05543710021321962 0.021321961620469083 
0.0625 0.05357142857142857 0.08035714285714286 0.0625 0.29464285714285715 0.08928571428571429 0.13392857142857142 0.07142857142857142 0.05357142857142857 0.09821428571428571 
0.02663115845539281 0.03062583222370173 0.02663115845539281 0.013315579227696404 0.06258322237017311 0.045272969374167776 0.02529960053262317 0.03462050599201065 0.02529960053262317 0.7097203728362184 
0.038461538461538464 0.038461538461538464 0.06153846153846154 0.046153846153846156 0.09230769230769231 0.046153846153846156 0.13846153846153847 0.046153846153846156 0.06153846153846154 0.4307692307692308 
0.05226480836236934 0.08362369337979095 0.041811846689895474 0.020905923344947737 0.05226480836236934 0.12195121951219512 0.059233449477351915 0.5052264808362369 0.020905923344947737 0.041811846689895474 
0.034482758620689655 0.023872679045092837 0.050397877984084884 0.01856763925729443 0.5596816976127321 0.05305039787798409 0.021220159151193633 0.04509283819628647 0.17506631299734748 0.01856763925729443 
0.336231884057971 0.08985507246376812 0.05507246376811594 0.02608695652173913 0.057971014492753624 0.08115942028985507 0.09855072463768116 0.12173913043478261 0.11304347826086956 0.020289855072463767 
0.2411764705882353 0.03529411764705882 0.06470588235294118 0.08823529411764706 0.09411764705882353 0.07058823529411765 0.08823529411764706 0.08235294117647059 0.052941176470588235 0.18235294117647058 
0.012752391073326248 0.005313496280552604 0.007438894792773645 0.9160467587672688 0.011689691817215728 0.005313496280552604 0.01700318809776833 0.007438894792773645 0.007438894792773645 0.009564293304994687 
0.07407407407407407 0.06172839506172839 0.13580246913580246 0.06172839506172839 0.07407407407407407 0.08641975308641975 0.2716049382716049 0.08641975308641975 0.08641975308641975 0.06172839506172839 
0.46005509641873277 0.05234159779614325 0.08264462809917356 0.05785123966942149 0.05509641873278237 0.049586776859504134 0.0440771349862259 0.07713498622589532 0.07713498622589532 0.0440771349862259 
0.058823529411764705 0.047058823529411764 0.07058823529411765 0.06470588235294118 0.041176470588235294 0.25882352941176473 0.27058823529411763 0.047058823529411764 0.03529411764705882 0.10588235294117647 
0.06557377049180328 0.06557377049180328 0.05737704918032787 0.05737704918032787 0.09836065573770492 0.04918032786885246 0.1721311475409836 0.05737704918032787 0.319672131147541 0.05737704918032787 
0.11267605633802817 0.08450704225352113 0.07042253521126761 0.09859154929577464 0.11267605633802817 0.08450704225352113 0.19718309859154928 0.08450704225352113 0.08450704225352113 0.07042253521126761 
0.03225806451612903 0.035483870967741936 0.04516129032258064 0.02258064516129032 0.16451612903225807 0.04516129032258064 0.09032258064516129 0.041935483870967745 0.43548387096774194 0.08709677419354839 
0.061855670103092786 0.08247422680412371 0.05154639175257732 0.09278350515463918 0.14432989690721648 0.08247422680412371 0.18556701030927836 0.07216494845360824 0.061855670103092786 0.16494845360824742 
0.06796116504854369 0.2524271844660194 0.06796116504854369 0.07766990291262135 0.07766990291262135 0.0970873786407767 0.1941747572815534 0.04854368932038835 0.04854368932038835 0.06796116504854369 
0.112 0.064 0.048 0.072 0.04 0.12 0.36 0.056 0.064 0.064 
0.0326975476839237 0.05722070844686648 0.021798365122615803 0.6294277929155313 0.027247956403269755 0.02452316076294278 0.10899182561307902 0.0326975476839237 0.035422343324250684 0.02997275204359673 
0.04195804195804196 0.04195804195804196 0.06293706293706294 0.055944055944055944 0.4405594405594406 0.04895104895104895 0.11888111888111888 0.06993006993006994 0.055944055944055944 0.06293706293706294 
0.3615023474178404 0.08450704225352113 0.051643192488262914 0.107981220657277 0.07511737089201878 0.056338028169014086 0.15023474178403756 0.051643192488262914 0.03286384976525822 0.028169014084507043 
0.045454545454545456 0.07272727272727272 0.05454545454545454 0.09090909090909091 0.20909090909090908 0.11818181818181818 0.18181818181818182 0.045454545454545456 0.06363636363636363 0.11818181818181818 
0.06944444444444445 0.125 0.06944444444444445 0.04861111111111111 0.1111111111111111 0.05555555555555555 0.0763888888888889 0.05555555555555555 0.2361111111111111 0.1527777777777778 
0.0625 0.0703125 0.0625 0.0546875 0.1171875 0.0546875 0.25 0.0703125 0.1875 0.0703125 
0.038461538461538464 0.027472527472527472 0.4532967032967033 0.024725274725274724 0.057692307692307696 0.02197802197802198 0.038461538461538464 0.024725274725274724 0.27472527472527475 0.038461538461538464 
0.0703125 0.0703125 0.0546875 0.0390625 0.1640625 0.1015625 0.203125 0.140625 0.0390625 0.1171875 
0.09203980099502487 0.12686567164179105 0.05472636815920398 0.13930348258706468 0.05721393034825871 0.05472636815920398 0.10199004975124377 0.3034825870646766 0.02736318407960199 0.04228855721393035 
0.015594541910331383 0.023391812865497075 0.04093567251461988 0.011695906432748537 0.042884990253411304 0.7524366471734892 0.050682261208576995 0.025341130604288498 0.01949317738791423 0.017543859649122806 
0.05844155844155844 0.05844155844155844 0.22077922077922077 0.07792207792207792 0.1038961038961039 0.05844155844155844 0.14935064935064934 0.09090909090909091 0.06493506493506493 0.11688311688311688 
0.05928853754940711 0.04743083003952569 0.11067193675889328 0.03162055335968379 0.09486166007905138 0.07905138339920949 0.14624505928853754 0.05138339920948617 0.17786561264822134 0.2015810276679842 
0.02616279069767442 0.01744186046511628 0.11046511627906977 0.02616279069767442 0.04941860465116279 0.023255813953488372 0.08139534883720931 0.5552325581395349 0.05232558139534884 0.05813953488372093 
0.5300429184549357 0.027896995708154508 0.045064377682403435 0.032188841201716736 0.0407725321888412 0.030042918454935622 0.03648068669527897 0.1630901287553648 0.07081545064377683 0.023605150214592276 
0.1069182389937107 0.050314465408805034 0.1069182389937107 0.0440251572327044 0.1949685534591195 0.1069182389937107 0.16981132075471697 0.07547169811320754 0.0880503144654088 0.05660377358490566 
0.05511811023622047 0.08661417322834646 0.05511811023622047 0.14960629921259844 0.03937007874015748 0.07086614173228346 0.3228346456692913 0.047244094488188976 0.07086614173228346 0.10236220472440945 
0.03508771929824561 0.24561403508771928 0.04093567251461988 0.029239766081871343 0.14035087719298245 0.14035087719298245 0.2046783625730994 0.04093567251461988 0.07602339181286549 0.04678362573099415 
0.056818181818181816 0.07045454545454545 0.045454545454545456 0.045454545454545456 0.03409090909090909 0.5409090909090909 0.04090909090909091 0.04772727272727273 0.02727272727272727 0.09090909090909091 
0.030303030303030304 0.047619047619047616 0.07792207792207792 0.05194805194805195 0.15584415584415584 0.14285714285714285 0.09090909090909091 0.09956709956709957 0.18614718614718614 0.11688311688311688 
0.11724137931034483 0.10344827586206896 0.06896551724137931 0.08275862068965517 0.12413793103448276 0.04827586206896552 0.23448275862068965 0.05517241379310345 0.06206896551724138 0.10344827586206896 
0.04516129032258064 0.05806451612903226 0.2129032258064516 0.03870967741935484 0.0967741935483871 0.0967741935483871 0.10967741935483871 0.2129032258064516 0.05806451612903226 0.07096774193548387 
0.06607929515418502 0.10572687224669604 0.05286343612334802 0.07048458149779736 0.23788546255506607 0.11013215859030837 0.07048458149779736 0.06167400881057269 0.16299559471365638 0.06167400881057269 
0.030973451327433628 0.06637168141592921 0.022123893805309734 0.5221238938053098 0.05309734513274336 0.04424778761061947 0.1415929203539823 0.04424778761061947 0.022123893805309734 0.05309734513274336 
0.058823529411764705 0.0784313725490196 0.058823529411764705 0.049019607843137254 0.09803921568627451 0.17647058823529413 0.24509803921568626 0.06862745098039216 0.0784313725490196 0.08823529411764706 
0.09523809523809523 0.25925925925925924 0.1111111111111111 0.042328042328042326 0.06878306878306878 0.0582010582010582 0.09523809523809523 0.14814814814814814 0.07407407407407407 0.047619047619047616 
0.03595890410958904 0.07363013698630137 0.018835616438356163 0.6934931506849316 0.02910958904109589 0.015410958904109588 0.05650684931506849 0.04280821917808219 0.02054794520547945 0.0136986301369863 
0.015384615384615385 0.028205128205128206 0.04358974358974359 0.020512820512820513 0.6128205128205129 0.03333333333333333 0.035897435897435895 0.05128205128205128 0.03076923076923077 0.1282051282051282 
0.033862433862433865 0.08571428571428572 0.10264550264550265 0.01164021164021164 0.08783068783068783 0.48783068783068784 0.01904761904761905 0.037037037037037035 0.09417989417989418 0.04021164021164021 
0.533498759305211 0.04714640198511166 0.07196029776674938 0.019851116625310174 0.05459057071960298 0.0794044665012407 0.04466501240694789 0.04962779156327544 0.07196029776674938 0.02729528535980149 
0.08527131782945736 0.05426356589147287 0.03875968992248062 0.05426356589147287 0.10852713178294573 0.07751937984496124 0.27906976744186046 0.08527131782945736 0.11627906976744186 0.10077519379844961 
0.04090909090909091 0.02727272727272727 0.05 0.022727272727272728 0.05909090909090909 0.031818181818181815 0.11818181818181818 0.04090909090909091 0.09545454545454546 0.5136363636363637 
0.02030456852791878 0.0416243654822335 0.6751269035532995 0.024365482233502538 0.04568527918781726 0.024365482233502538 0.012182741116751269 0.027411167512690356 0.08527918781725888 0.04365482233502538 
0.07339449541284404 0.11009174311926606 0.06422018348623854 0.05504587155963303 0.07339449541284404 0.1651376146788991 0.27522935779816515 0.06422018348623854 0.045871559633027525 0.07339449541284404 
0.022913256955810146 0.03600654664484452 0.024549918166939442 0.6726677577741408 0.02618657937806874 0.031096563011456628 0.062193126022913256 0.04091653027823241 0.049099836333878884 0.03436988543371522 
0.03855421686746988 0.02650602409638554 0.4674698795180723 0.03855421686746988 0.06506024096385542 0.15903614457831325 0.05301204819277108 0.06746987951807229 0.05542168674698795 0.02891566265060241 
0.05188679245283019 0.08018867924528301 0.05188679245283019 0.39622641509433965 0.05188679245283019 0.07075471698113207 0.17452830188679244 0.04245283018867924 0.04245283018867924 0.03773584905660377 
0.2727272727272727 0.10909090909090909 0.09090909090909091 0.11515151515151516 0.05454545454545454 0.048484848484848485 0.09696969696969697 0.06060606060606061 0.09696969696969697 0.05454545454545454 
0.027607361963190184 0.17484662576687116 0.024539877300613498 0.03067484662576687 0.5030674846625767 0.05828220858895705 0.04294478527607362 0.02147239263803681 0.024539877300613498 0.09202453987730061 
0.03329065300896287 0.04737516005121639 0.029449423815621 0.019206145966709345 0.014084507042253521 0.010243277848911651 0.024327784891165175 0.03713188220230474 0.764404609475032 0.020486555697823303 
0.046153846153846156 0.17435897435897435 0.035897435897435895 0.08205128205128205 0.24615384615384617 0.046153846153846156 0.14358974358974358 0.035897435897435895 0.06153846153846154 0.1282051282051282 
0.027160493827160494 0.14814814814814814 0.03209876543209877 0.0345679012345679 0.06666666666666667 0.056790123456790124 0.06666666666666667 0.43950617283950616 0.056790123456790124 0.07160493827160494 
0.08776595744680851 0.04521276595744681 0.031914893617021274 0.015957446808510637 0.023936170212765957 0.17553191489361702 0.0398936170212766 0.02925531914893617 0.047872340425531915 0.5026595744680851 
0.08247422680412371 0.1134020618556701 0.061855670103092786 0.12371134020618557 0.09278350515463918 0.05154639175257732 0.21649484536082475 0.1134020618556701 0.09278350515463918 0.05154639175257732 
0.08791208791208792 0.08791208791208792 0.06593406593406594 0.06593406593406594 0.06593406593406594 0.07692307692307693 0.25274725274725274 0.14285714285714285 0.07692307692307693 0.07692307692307693 
0.1278409090909091 0.3721590909090909 0.07102272727272728 0.028409090909090908 0.048295454545454544 0.0625 0.07670454545454546 0.028409090909090908 0.10227272727272728 0.08238636363636363 
0.017825311942959002 0.023172905525846704 0.07130124777183601 0.017825311942959002 0.05525846702317291 0.035650623885918005 0.040998217468805706 0.06951871657754011 0.6185383244206774 0.049910873440285206 
0.06046511627906977 0.09302325581395349 0.07906976744186046 0.023255813953488372 0.08837209302325581 0.22790697674418606 0.08837209302325581 0.037209302325581395 0.04186046511627907 0.26046511627906976 
0.043859649122807015 0.2149122807017544 0.03070175438596491 0.15789473684210525 0.04824561403508772 0.14912280701754385 0.21052631578947367 0.05263157894736842 0.05701754385964912 0.03508771929824561 
0.059602649006622516 0.25165562913907286 0.039735099337748346 0.2185430463576159 0.052980132450331126 0.052980132450331126 0.19205298013245034 0.052980132450331126 0.039735099337748346 0.039735099337748346 
0.02830188679245283 0.06132075471698113 0.04716981132075472 0.04716981132075472 0.33490566037735847 0.08490566037735849 0.08018867924528301 0.0330188679245283 0.07075471698113207 0.21226415094339623 
0.0273224043715847 0.09289617486338798 0.08196721311475409 0.04918032786885246 0.03278688524590164 0.07103825136612021 0.3825136612021858 0.12568306010928962 0.06557377049180328 0.07103825136612021 
0.07075471698113207 0.03773584905660377 0.0330188679245283 0.44339622641509435 0.07547169811320754 0.04245283018867924 0.17452830188679244 0.03773584905660377 0.04716981132075472 0.03773584905660377 
0.0784313725490196 0.058823529411764705 0.14705882352941177 0.08823529411764706 0.09803921568627451 0.10784313725490197 0.18627450980392157 0.06862745098039216 0.058823529411764705 0.10784313725490197 
0.01845018450184502 0.04059040590405904 0.025830258302583026 0.6402214022140221 0.02952029520295203 0.05719557195571956 0.05350553505535055 0.05350553505535055 0.05350553505535055 0.027675276752767528 
0.035422343324250684 0.02452316076294278 0.05449591280653951 0.02452316076294278 0.12534059945504086 0.5694822888283378 0.01907356948228883 0.021798365122615803 0.043596730245231606 0.08174386920980926 
0.0782608695652174 0.09565217391304348 0.06086956521739131 0.06956521739130435 0.22608695652173913 0.06086956521739131 0.17391304347826086 0.0782608695652174 0.06956521739130435 0.08695652173913043 
0.4766355140186916 0.0514018691588785 0.06074766355140187 0.07009345794392523 0.03271028037383177 0.04672897196261682 0.1261682242990654 0.037383177570093455 0.04205607476635514 0.056074766355140186 
0.1712707182320442 0.027624309392265192 0.35911602209944754 0.049723756906077346 0.055248618784530384 0.049723756906077346 0.06077348066298342 0.12154696132596685 0.03867403314917127 0.06629834254143646 
0.02710027100271003 0.04878048780487805 0.5853658536585366 0.051490514905149054 0.037940379403794036 0.05420054200542006 0.06504065040650407 0.07317073170731707 0.032520325203252036 0.024390243902439025 
0.04878048780487805 0.03048780487804878 0.09146341463414634 0.03048780487804878 0.5365853658536586 0.042682926829268296 0.054878048780487805 0.042682926829268296 0.06097560975609756 0.06097560975609756 
0.04666666666666667 0.04 0.05333333333333334 0.38666666666666666 0.03333333333333333 0.04666666666666667 0.25333333333333335 0.05333333333333334 0.05333333333333334 0.03333333333333333 
0.043859649122807015 0.07017543859649122 0.08771929824561403 0.05263157894736842 0.043859649122807015 0.23684210526315788 0.21929824561403508 0.11403508771929824 0.05263157894736842 0.07894736842105263 
0.0231023102310231 0.066006600660066 0.15841584158415842 0.019801980198019802 0.052805280528052806 0.052805280528052806 0.45874587458745875 0.0858085808580858 0.056105610561056105 0.026402640264026403 
0.11377245508982035 0.059880239520958084 0.05089820359281437 0.03293413173652695 0.041916167664670656 0.2155688622754491 0.10479041916167664 0.25149700598802394 0.0718562874251497 0.05688622754491018 
0.07042253521126761 0.11267605633802817 0.08450704225352113 0.07042253521126761 0.09859154929577464 0.15492957746478872 0.14084507042253522 0.08450704225352113 0.07042253521126761 0.11267605633802817 
